00000000000000000000000000000000000000000
00000000000000000022222000000000000000000
00000000000000002222222200000000000000000
00000000022222222222222222222222000000000
00000002222222222222222222222222220000000
00000022222222222222222222222222220000000
00000022222222222222222222222222222000000
00000022222222222222222222222222222220000
00022222222222222211111222222222222222200
02222222222222221111111112222222222222220
02222222211111111111111111111111222222220
02222221111111111111111111111111112222220
02222211111111111111111111111111112222220
02222211111111111111111111111111111222220
02222211111111111111111111111111111122220
02211111111111111111111111111111111111220
02111111111111111111111111111111111111120
01111111111111111111111111111111111111110
01111111111111111111111111111111111111110
01111111111111111111111111111111111111120
02211111111111111111111111111111111111220
02111111111111111111111111111111111111120
01111111111111111111111111111111111111110
01111111111111111111111111111111111111110
01111111111111111111111111111111111111110
00111111111111111111111111111111111111100
00001111111111111111111111111111111100000
00000011111111111111111111111111111000000
00000011111111111111111111111111111000000
00000001111111111111111111111111110000000
00000000011111111111111111111111100000000
00000000000000011111111111000000000000000
00000000000000000111111100000000000000000
00000000000000000000000000000000000000000