0000000000000000000000000000000000000000
0000000000000000000220000000000000000000
0000000000000000002222000000000000000000
0000000000000000222222200000000000000000
0000000000000002222222222000000000000000
0000000000000222222222222220000000000000
0000000000022222222222222222200000000000
0000000002222222222222222222222000000000
0000000022222222222112222222222200000000
0000002222222222221111222222222222000000
0000022222222222111111112222222222200000
0000222222222211111111111122222222220000
0022222222222111111111111112222222222000
0022222222211111111111111111222222222200
0222222221111111111111111111112222222200
0222222211111111111111111111111122222220
0222221111111111111111111111111111222220
0222211111111111111111111111111111122220
0222111111111111111111111111111111112220
0221111111111111111111111111111111111220
0211111111111111111111111111111111111120
0111111111111111111111111111111111111110
0111111111111111111111111111111111111110
0111111111111111111111111111111111111110
0111111111111111111111111111111111111110
0111111111111111111111111111111111111110
0011111111111111111011111111111111111100
0011111111111111110001111111111111111000
0001111111111111110000111111111111110000
0000011111111111000000001111111111100000
0000000011110000000000000001111100000000
0000000000000000000000000000000000000000