00222222222222222222222222222222220
22222222222222222222222222222222222
22222222222222222222222222222222222
22222222222222222222222222222222222
22222222222222222222222222222222222
02222222222222222222222222222222222
02222222222222222222222222222222222
02222222222222222222222222222222222
02222111111111111111111111111122220
02221111111111111111111111111112220
02221111111111111111111111111112220
02221111111111111111111111111112220
02221111111111111111111111111112220
02222111111111111111111111111112220
00222111111111111111111111111122220
00222111111111111111111111111122200
00222111111111111111111111111122200
00222111111111111111111111111122200
00222111111111111111111111111122200
00022211111111111111111111111222000
00002211111111111111111111111222000
00002211111111111111111111111220000
00002211111111111111111111111220000
00000211111111111111111111111200000
00000211111111111111111111111200000
00000011111111111111111111111000000
00000000000000000000000000000000000