0000000000000000000000000000000000000000000
0000000000000000000022000000000000000000000
0000000000000000000222220000000000000000000
0000000000000000022222222000000000000000000
0000000000000000222222222200000000000000000
0000000222222222222222222222222222220000000
0000000222222222222211222222222222220000000
0000000222222222221111112222222222220000000
0000000222222222211111111222222222220000000
0000000222222222111111111122222222220000000
0000002111111111111111111111111111112000000
0000022111111111111111111111111111112000000
0002222111111111111111111111111111112220000
0022222111111111111111111111111111112222200
0222222111111111111111111111111111112222220
0222222111111111111111111111111111112222220
0222211111111111111111111111111111111222220
0222111111111111111111111111111111111112220
0211111111111111111111111111111111111111220
0111111111111111111111111111111111111111100
0001111111111111111111111111111111111111000
0000011111111111111111111111111111111100000
0000001111111111111111111111111111111000000
0000000111111111111111111111111111110000000
0000000111111111111111111111111111110000000
0000000111111111111111111111111111110000000
0000000111111111111111111111111111110000000
0000000111111111111111111111111111110000000
0000000111111111111111111111111111110000000
0000000000000000011111111000000000000000000
0000000000000000001111110000000000000000000
0000000000000000000011100000000000000000000
0000000000000000000001000000000000000000000
0000000000000000000000000000000000000000000