000000000000000000000000000000000000000
000000000000002222222222000000000000000
000000000002222222222222222000000000000
000000002222222222222222222222000000000
000000222222222222222222222222220000000
000002222222222222222222222222222000000
000222222222222222222222222222222220000
002222222222222222212222222222222222000
002222222222221111111122222222222222200
022222222211111111111111112222222222200
022222222111111111111111111112222222200
022222221111111111111111111111222222220
022222111111111111111111111111122222220
022222111111111111111111111111111222220
022221111111111111111111111111111122200
022211111111111111111111111111111122200
022111111111111111111111111111111112200
002111111111111111111111111111111112200
002111111111111111111111111111111112000
000111111111111111111111111111111112000
000111111111111111111111111111111110000
000011111111111111111111111111111100000
000011111111111111111111111111111100000
000000111111111111111111111111111000000
000000111111111111111111111111110000000
000000001111111111111111111111000000000
000000000111111111111111111100000000000
000000000000111111111111110000000000000
000000000000000111111100000000000000000