000000000000000000000000000000
000000000222222222220000000000
000000222222222222222220000000
000022222222222222222222200000
000222222222222222222222220000
002222222222222222222222222000
022222222222111111122222222200
022222221111111111111122222220
022221111111111111111111222220
022211111111111111111111112220
022111111111111111111111111220
021111111111111111111111111120
011111111111111111111111111120
011111111111111111111111111110
011111111111111111111111111110
011111111111111111111111111110
011111111111111111111111111110
011111111111111111111111111110
001111111111111111111111111100
001111111111111111111111111000
000111111111111111111111110000
000011111111111111111111100000
000000111111111111111110000000
000000000111111111110000000000
000000000000000000000000000000